{
  "advancedEditorSelectedIdentifier" : "ProjectBrowser",
  "openSceneRelativePaths" : [
    "Immersive.usda",
    "Scene.usda"
  ],
  "recentIdentifiers" : {
    "1D572CEB-057A-41C3-B575-04C37501A3C0" : [

    ],
    "D66134B1-3681-4A8E-AFE5-29F257229F3B" : [

    ]
  },
  "sceneCameraHistory" : {
    "1D572CEB-057A-41C3-B575-04C37501A3C0" : [
      {
        "date" : 730789754.266244,
        "title" : "Untitled",
        "transform" : [
          0.99968517,
          -1.4461587e-08,
          0.025091683,
          0,
          0.0125019085,
          0.86703414,
          -0.4980918,
          0,
          -0.021755336,
          0.49824867,
          0.8667612,
          0,
          -0.14484227,
          1.7800456,
          -0.41678548,
          1
        ]
      },
      {
        "date" : 730789752.366594,
        "title" : "Untitled",
        "transform" : [
          0.99968517,
          -1.4461587e-08,
          0.025091683,
          0,
          0.0125019085,
          0.86703414,
          -0.4980918,
          0,
          -0.021755336,
          0.49824867,
          0.8667612,
          0,
          -0.39934793,
          1.7679586,
          -0.4162252,
          1
        ]
      },
      {
        "date" : 730789744.695493,
        "title" : "Untitled",
        "transform" : [
          0.9994804,
          -1.4461585e-08,
          0.032229844,
          0,
          0.01605849,
          0.86703414,
          -0.4979898,
          0,
          -0.02794437,
          0.49824867,
          0.86658376,
          0,
          -0.15279101,
          3.3033285,
          3.62222,
          1
        ]
      },
      {
        "date" : 730789467.420224,
        "title" : "Untitled",
        "transform" : [
          0.9994805,
          -4.323918e-11,
          0.032229844,
          0,
          0.0042426502,
          0.99129814,
          -0.13156812,
          0,
          -0.031949382,
          0.13163649,
          0.9907831,
          0,
          0.6648926,
          -0.633677,
          -0.40709943,
          1
        ]
      },
      {
        "date" : 730789460.57777,
        "title" : "Untitled",
        "transform" : [
          0.9994807,
          -4.323919e-11,
          0.032229852,
          0,
          0.0042426502,
          0.99129814,
          -0.13156812,
          0,
          -0.031949386,
          0.1316365,
          0.9907832,
          0,
          -0.4372268,
          0.6813724,
          0.9465945,
          1
        ]
      },
      {
        "date" : 730789453.088677,
        "title" : "Untitled",
        "transform" : [
          0.1519621,
          -1.4950086e-10,
          0.9883864,
          0,
          -0.9568837,
          0.2504583,
          0.14711867,
          0,
          -0.24754956,
          -0.9681273,
          0.03806017,
          0,
          0.032893598,
          -1.0243173,
          -1.4386734,
          1
        ]
      },
      {
        "date" : 730789450.534146,
        "title" : "Untitled",
        "transform" : [
          0.99999994,
          0,
          0,
          0,
          0,
          0.03489967,
          0.9993908,
          0,
          0,
          -0.9993908,
          0.03489967,
          0,
          -0.35840595,
          -0.8524134,
          -2.5516734,
          1
        ]
      },
      {
        "date" : 730789446.890982,
        "title" : "Untitled",
        "transform" : [
          1,
          0,
          0,
          0,
          0,
          0.03489971,
          0.9993908,
          0,
          0,
          -0.9993908,
          0.034899697,
          0,
          -0.24767578,
          -2.7003598,
          -0.7205888,
          1
        ]
      },
      {
        "date" : 730201551.610903,
        "title" : "Untitled",
        "transform" : [
          1,
          0,
          -0,
          0,
          -0,
          0.8660249,
          -0.5000008,
          0,
          0,
          0.5000008,
          0.8660249,
          0,
          0,
          3.31317,
          3.6212397,
          1
        ]
      }
    ],
    "3AA1E8E7-67FF-4FA3-824C-1ED3C007A4A9" : [
      {
        "date" : 730790245.919872,
        "title" : "Untitled",
        "transform" : [
          1,
          0,
          -0,
          0,
          -0,
          0.8660254,
          -0.5,
          0,
          0,
          0.5,
          0.8660254,
          0,
          0,
          0.18867338,
          0.32679188,
          1
        ]
      }
    ],
    "D66134B1-3681-4A8E-AFE5-29F257229F3B" : [
      {
        "date" : 730790282.407457,
        "title" : "Untitled",
        "transform" : [
          0.99999994,
          0,
          0,
          0,
          0,
          0.8660254,
          -0.49999994,
          0,
          0,
          0.49999994,
          0.8660254,
          0,
          0,
          0.05987126,
          0.12429124,
          1
        ]
      },
      {
        "date" : 730790257.272386,
        "title" : "Untitled",
        "transform" : [
          0.99999994,
          0,
          -0,
          0,
          -0,
          0.8660254,
          -0.49999994,
          0,
          0,
          0.49999994,
          0.8660254,
          0,
          0,
          0.063058116,
          0.12981103,
          1
        ]
      },
      {
        "date" : 730790147.898133,
        "title" : "Untitled",
        "transform" : [
          0.99999994,
          0,
          -0,
          0,
          -0,
          0.8660254,
          -0.49999994,
          0,
          0,
          0.49999994,
          0.8660254,
          0,
          0,
          0.06305811,
          0.12981103,
          1
        ]
      },
      {
        "date" : 730789769.984394,
        "title" : "Untitled",
        "transform" : [
          0.99999994,
          0,
          -0,
          0,
          -0,
          0.8660254,
          -0.49999994,
          0,
          0,
          0.49999994,
          0.8660254,
          0,
          0,
          0.3773484,
          0.6535867,
          1
        ]
      }
    ]
  },
  "selectedSceneRelativePath" : "Scene.usda"
}