{
  "advancedEditorSelectedIdentifier" : "ProjectBrowser",
  "openSceneRelativePaths" : [
    "Scene.usda"
  ],
  "recentIdentifiers" : {
    "1D572CEB-057A-41C3-B575-04C37501A3C0" : [

    ],
    "4FC95567-C0BC-4896-A2DD-46F551834E0B" : [

    ],
    "9F900EE2-FC88-46F3-94B2-496E315DC10E" : [

    ],
    "680B06CC-23A4-407B-A880-8B403A429AE3" : [

    ],
    "803C14F8-C208-41BA-8D33-5E5EEC7140AC" : [

    ],
    "A3552973-6EE7-4B8C-B75C-F0F0A2C27EE9" : [

    ],
    "D66134B1-3681-4A8E-AFE5-29F257229F3B" : [

    ]
  },
  "sceneCameraHistory" : {
    "1D572CEB-057A-41C3-B575-04C37501A3C0" : [
      {
        "date" : 730790325.878572,
        "title" : "Untitled",
        "transform" : [
          0.99968517,
          -1.4461587e-08,
          0.025091683,
          0,
          0.0125019085,
          0.86703414,
          -0.4980918,
          0,
          -0.021755336,
          0.49824867,
          0.8667612,
          0,
          -0.23344354,
          1.7323908,
          -0.3916154,
          1
        ]
      },
      {
        "date" : 730789754.266244,
        "title" : "Untitled",
        "transform" : [
          0.99968517,
          -1.4461587e-08,
          0.025091683,
          0,
          0.0125019085,
          0.86703414,
          -0.4980918,
          0,
          -0.021755336,
          0.49824867,
          0.8667612,
          0,
          -0.14484227,
          1.7800456,
          -0.41678548,
          1
        ]
      },
      {
        "date" : 730789752.366594,
        "title" : "Untitled",
        "transform" : [
          0.99968517,
          -1.4461587e-08,
          0.025091683,
          0,
          0.0125019085,
          0.86703414,
          -0.4980918,
          0,
          -0.021755336,
          0.49824867,
          0.8667612,
          0,
          -0.39934793,
          1.7679586,
          -0.4162252,
          1
        ]
      },
      {
        "date" : 730789744.695493,
        "title" : "Untitled",
        "transform" : [
          0.9994804,
          -1.4461585e-08,
          0.032229844,
          0,
          0.01605849,
          0.86703414,
          -0.4979898,
          0,
          -0.02794437,
          0.49824867,
          0.86658376,
          0,
          -0.15279101,
          3.3033285,
          3.62222,
          1
        ]
      },
      {
        "date" : 730789467.420224,
        "title" : "Untitled",
        "transform" : [
          0.9994805,
          -4.323918e-11,
          0.032229844,
          0,
          0.0042426502,
          0.99129814,
          -0.13156812,
          0,
          -0.031949382,
          0.13163649,
          0.9907831,
          0,
          0.6648926,
          -0.633677,
          -0.40709943,
          1
        ]
      },
      {
        "date" : 730789460.57777,
        "title" : "Untitled",
        "transform" : [
          0.9994807,
          -4.323919e-11,
          0.032229852,
          0,
          0.0042426502,
          0.99129814,
          -0.13156812,
          0,
          -0.031949386,
          0.1316365,
          0.9907832,
          0,
          -0.4372268,
          0.6813724,
          0.9465945,
          1
        ]
      },
      {
        "date" : 730789453.088677,
        "title" : "Untitled",
        "transform" : [
          0.1519621,
          -1.4950086e-10,
          0.9883864,
          0,
          -0.9568837,
          0.2504583,
          0.14711867,
          0,
          -0.24754956,
          -0.9681273,
          0.03806017,
          0,
          0.032893598,
          -1.0243173,
          -1.4386734,
          1
        ]
      },
      {
        "date" : 730789450.534146,
        "title" : "Untitled",
        "transform" : [
          0.99999994,
          0,
          0,
          0,
          0,
          0.03489967,
          0.9993908,
          0,
          0,
          -0.9993908,
          0.03489967,
          0,
          -0.35840595,
          -0.8524134,
          -2.5516734,
          1
        ]
      },
      {
        "date" : 730789446.890982,
        "title" : "Untitled",
        "transform" : [
          1,
          0,
          0,
          0,
          0,
          0.03489971,
          0.9993908,
          0,
          0,
          -0.9993908,
          0.034899697,
          0,
          -0.24767578,
          -2.7003598,
          -0.7205888,
          1
        ]
      },
      {
        "date" : 730201551.610903,
        "title" : "Untitled",
        "transform" : [
          1,
          0,
          -0,
          0,
          -0,
          0.8660249,
          -0.5000008,
          0,
          0,
          0.5000008,
          0.8660249,
          0,
          0,
          3.31317,
          3.6212397,
          1
        ]
      }
    ],
    "3AA1E8E7-67FF-4FA3-824C-1ED3C007A4A9" : [
      {
        "date" : 730790245.919872,
        "title" : "Untitled",
        "transform" : [
          1,
          0,
          -0,
          0,
          -0,
          0.8660254,
          -0.5,
          0,
          0,
          0.5,
          0.8660254,
          0,
          0,
          0.18867338,
          0.32679188,
          1
        ]
      }
    ],
    "4FC95567-C0BC-4896-A2DD-46F551834E0B" : [
      {
        "date" : 730800522.057327,
        "title" : "Untitled",
        "transform" : [
          0,
          0,
          0,
          0,
          0,
          0,
          0,
          0,
          0,
          0,
          0,
          0,
          0,
          0,
          0,
          0
        ]
      },
      {
        "date" : 730800512.613319,
        "title" : "Untitled",
        "transform" : [
          0,
          0,
          0,
          0,
          0,
          0,
          0,
          0,
          0,
          0,
          0,
          0,
          0,
          0,
          0,
          1
        ]
      },
      {
        "date" : 730800508.620079,
        "title" : "Untitled",
        "transform" : [
          0,
          0,
          0,
          0,
          0,
          0,
          0,
          0,
          0,
          0,
          0,
          0,
          0,
          0,
          0,
          0
        ]
      },
      {
        "date" : 730800506.970145,
        "title" : "Untitled",
        "transform" : [
          0,
          0,
          0,
          0,
          0,
          0,
          0,
          0,
          0,
          0,
          0,
          0,
          0,
          0,
          0,
          0
        ]
      },
      {
        "date" : 730800504.783917,
        "title" : "Untitled",
        "transform" : [
          0,
          0,
          0,
          0,
          0,
          0,
          0,
          0,
          0,
          0,
          0,
          0,
          0,
          0,
          0,
          0
        ]
      },
      {
        "date" : 730800488.553742,
        "title" : "Untitled",
        "transform" : [
          0,
          0,
          0,
          0,
          0,
          0,
          0,
          0,
          0,
          0,
          0,
          0,
          0,
          0,
          0,
          1
        ]
      },
      {
        "date" : 730800486.563709,
        "title" : "Untitled",
        "transform" : [
          0,
          0,
          0,
          0,
          0,
          0,
          0,
          0,
          0,
          0,
          0,
          0,
          0,
          0,
          0,
          0
        ]
      },
      {
        "date" : 730799859.957518,
        "title" : "Untitled",
        "transform" : [
          0,
          0,
          0,
          0,
          0,
          0,
          0,
          0,
          0,
          0,
          0,
          0,
          0,
          0,
          0,
          0
        ]
      },
      {
        "date" : 730799706.251539,
        "title" : "Untitled",
        "transform" : [
          0.99999994,
          0,
          -0,
          0,
          -0,
          0.8660254,
          -0.49999988,
          0,
          0,
          0.49999988,
          0.8660254,
          0,
          0,
          0.1890866,
          0.32750764,
          1
        ]
      }
    ],
    "9E530DAB-2217-4C20-B7AE-199185FF7B14" : [
      {
        "date" : 730886034.799108,
        "title" : "Untitled",
        "transform" : [
          0.99999994,
          0,
          -0,
          0,
          -0,
          0.8660254,
          -0.49999988,
          0,
          0,
          0.49999988,
          0.8660254,
          0,
          0,
          0.20611194,
          0.35699636,
          1
        ]
      }
    ],
    "9F900EE2-FC88-46F3-94B2-496E315DC10E" : [
      {
        "date" : 730886187.419666,
        "title" : "Untitled",
        "transform" : [
          1,
          0,
          -0,
          0,
          -0,
          0.8684313,
          -0.49580953,
          0,
          0,
          0.49580953,
          0.8684313,
          0,
          0,
          2.594267,
          3.8900697,
          1
        ]
      }
    ],
    "58F5DD6F-E716-42AE-BE20-B4AFEBD2A23F" : [
      {
        "date" : 730889050.050898,
        "title" : "Untitled",
        "transform" : [
          0.99999994,
          0,
          -0,
          0,
          -0,
          0.86805576,
          -0.4964666,
          0,
          0,
          0.4964666,
          0.86805576,
          0,
          0,
          3.0111947,
          4.6122103,
          1
        ]
      }
    ],
    "680B06CC-23A4-407B-A880-8B403A429AE3" : [
      {
        "date" : 730887904.971514,
        "title" : "Untitled",
        "transform" : [
          1,
          0,
          0,
          0,
          0,
          0.8681497,
          -0.49630255,
          0,
          0,
          0.49630255,
          0.8681497,
          0,
          0.07821101,
          1.3222789,
          1.5493119,
          1
        ]
      },
      {
        "date" : 730886640.067039,
        "title" : "Untitled",
        "transform" : [
          1,
          0,
          0,
          0,
          0,
          0.8681497,
          -0.49630255,
          0,
          0,
          0.49630255,
          0.8681497,
          0,
          0.026652038,
          1.0674863,
          1.6949714,
          1
        ]
      },
      {
        "date" : 730886627.875747,
        "title" : "Untitled",
        "transform" : [
          1,
          0,
          0,
          0,
          0,
          0.8681497,
          -0.49630255,
          0,
          0,
          0.49630255,
          0.8681497,
          0,
          0.6642543,
          1.2396227,
          1.5965648,
          1
        ]
      },
      {
        "date" : 730886616.723516,
        "title" : "Untitled",
        "transform" : [
          1,
          0,
          0,
          0,
          0,
          0.8681497,
          -0.49630255,
          0,
          0,
          0.49630255,
          0.8681497,
          0,
          0.8279631,
          1.1949543,
          1.622101,
          1
        ]
      },
      {
        "date" : 730886604.381121,
        "title" : "Untitled",
        "transform" : [
          1,
          0,
          -0,
          0,
          -0,
          0.8681497,
          -0.49630255,
          0,
          0,
          0.49630255,
          0.8681497,
          0,
          -2.9802322e-08,
          1.2369863,
          1.5980723,
          1
        ]
      },
      {
        "date" : 730886594.449994,
        "title" : "Untitled",
        "transform" : [
          1,
          0,
          0,
          0,
          0,
          0.8681497,
          -0.49630255,
          0,
          0,
          0.49630255,
          0.8681497,
          0,
          0.38849714,
          1.6371623,
          2.5171432,
          1
        ]
      },
      {
        "date" : 730886558.91595,
        "title" : "Untitled",
        "transform" : [
          1,
          0,
          0,
          0,
          0,
          0.8681497,
          -0.49630255,
          0,
          0,
          0.49630255,
          0.8681497,
          0,
          -0.019625038,
          1.2872256,
          2.7171946,
          1
        ]
      },
      {
        "date" : 730886553.64074,
        "title" : "Untitled",
        "transform" : [
          1,
          0,
          -0,
          0,
          -0,
          0.8681497,
          -0.49630255,
          0,
          0,
          0.49630255,
          0.8681497,
          0,
          0,
          2.893239,
          4.407904,
          1
        ]
      }
    ],
    "803C14F8-C208-41BA-8D33-5E5EEC7140AC" : [
      {
        "date" : 730888175.889583,
        "title" : "Untitled",
        "transform" : [
          0.99999994,
          0,
          0,
          0,
          0,
          0.8660254,
          -0.49999988,
          0,
          0,
          0.49999988,
          0.8660254,
          0,
          -0.0045147203,
          0.4258078,
          0.44780704,
          1
        ]
      },
      {
        "date" : 730885980.280157,
        "title" : "Untitled",
        "transform" : [
          0.99999994,
          0,
          -0,
          0,
          -0,
          0.8660254,
          -0.49999988,
          0,
          0,
          0.49999988,
          0.8660254,
          0,
          -1.490116e-08,
          0.104497455,
          0.19241641,
          1
        ]
      },
      {
        "date" : 730885976.887573,
        "title" : "Untitled",
        "transform" : [
          0.99999994,
          0,
          -0,
          0,
          -0,
          0.8660254,
          -0.49999988,
          0,
          0,
          0.49999988,
          0.8660254,
          0,
          -1.2926222e-08,
          0.11796502,
          0.21422917,
          1
        ]
      },
      {
        "date" : 730885968.088066,
        "title" : "Untitled",
        "transform" : [
          0.99999994,
          0,
          -0,
          0,
          -0,
          0.8660254,
          -0.49999988,
          0,
          0,
          0.49999988,
          0.8660254,
          0,
          0,
          0.20611194,
          0.35699636,
          1
        ]
      }
    ],
    "7070C73A-AC36-4220-9E5D-402837183E29" : [
      {
        "date" : 730888190.693061,
        "title" : "Untitled",
        "transform" : [
          0.99904656,
          -1.2829198e-09,
          0.043656774,
          0,
          0.021828383,
          0.86602545,
          -0.4995232,
          0,
          -0.037807874,
          0.4999999,
          0.86519974,
          0,
          -0.03224397,
          0.5642248,
          0.7134183,
          1
        ]
      },
      {
        "date" : 730888062.265776,
        "title" : "Untitled",
        "transform" : [
          0.99904656,
          -3.515972e-10,
          0.043656774,
          0,
          0.021828383,
          0.86602545,
          -0.4995232,
          0,
          -0.037807874,
          0.4999999,
          0.86519974,
          0,
          -0.055263378,
          0.87975264,
          1.2607735,
          1
        ]
      },
      {
        "date" : 730886655.609017,
        "title" : "Untitled",
        "transform" : [
          0.99999994,
          0,
          -0,
          0,
          -0,
          0.8660255,
          -0.49999988,
          0,
          0,
          0.49999988,
          0.8660255,
          0,
          0,
          0.22317657,
          0.3865532,
          1
        ]
      }
    ],
    "A3552973-6EE7-4B8C-B75C-F0F0A2C27EE9" : [
      {
        "date" : 730889791.033523,
        "title" : "Untitled",
        "transform" : [
          0.99999994,
          0,
          -0,
          0,
          -0,
          0.86602515,
          -0.50000036,
          0,
          0,
          0.50000036,
          0.86602515,
          0,
          0,
          0.35031947,
          0.6067711,
          1
        ]
      }
    ],
    "AAAA8DAF-5A95-471D-8878-15CA26CDC7D8" : [
      {
        "date" : 730886392.253884,
        "title" : "Untitled",
        "transform" : [
          1,
          0,
          -0,
          0,
          -0,
          0.8681497,
          -0.49630255,
          0,
          0,
          0.49630255,
          0.8681497,
          0,
          0,
          2.893239,
          4.407904,
          1
        ]
      }
    ],
    "D66134B1-3681-4A8E-AFE5-29F257229F3B" : [
      {
        "date" : 730952819.184248,
        "title" : "Untitled",
        "transform" : [
          -0.27648833,
          7.184492e-08,
          0.96101725,
          0,
          0.19952016,
          0.978211,
          0.05740263,
          0,
          -0.94007766,
          0.20761348,
          -0.27046394,
          0,
          -2.4605398,
          1.4487443,
          -0.10300326,
          1
        ]
      },
      {
        "date" : 730952700.780068,
        "title" : "Untitled",
        "transform" : [
          -0.27648833,
          7.184492e-08,
          0.96101725,
          0,
          0.19952016,
          0.978211,
          0.05740263,
          0,
          -0.94007766,
          0.20761348,
          -0.27046394,
          0,
          -2.288059,
          1.3277674,
          -0.7953727,
          1
        ]
      },
      {
        "date" : 730952696.377716,
        "title" : "Untitled",
        "transform" : [
          -0.27648833,
          7.184492e-08,
          0.96101725,
          0,
          0.19952016,
          0.978211,
          0.05740263,
          0,
          -0.94007766,
          0.20761348,
          -0.27046394,
          0,
          -1.4016695,
          1.8094754,
          -0.7775059,
          1
        ]
      },
      {
        "date" : 730952691.564112,
        "title" : "Untitled",
        "transform" : [
          0.025752038,
          7.184492e-08,
          0.99966836,
          0,
          0.2075446,
          0.97821087,
          -0.005346541,
          0,
          -0.97788656,
          0.20761348,
          0.025190882,
          0,
          -1.332234,
          0.5697199,
          -0.058666885,
          1
        ]
      },
      {
        "date" : 730952685.802761,
        "title" : "Untitled",
        "transform" : [
          0.025752038,
          7.184492e-08,
          0.99966836,
          0,
          0.2075446,
          0.97821087,
          -0.005346541,
          0,
          -0.97788656,
          0.20761348,
          0.025190882,
          0,
          -1.1885163,
          1.2180613,
          0.1769402,
          1
        ]
      },
      {
        "date" : 730952684.414904,
        "title" : "Untitled",
        "transform" : [
          0.025752038,
          7.184492e-08,
          0.99966836,
          0,
          0.2075446,
          0.97821087,
          -0.005346541,
          0,
          -0.97788656,
          0.20761348,
          0.025190882,
          0,
          -1.1855106,
          1.2027152,
          0.4200952,
          1
        ]
      },
      {
        "date" : 730952679.827245,
        "title" : "Untitled",
        "transform" : [
          0.025752038,
          7.184492e-08,
          0.99966836,
          0,
          0.2075446,
          0.97821087,
          -0.005346541,
          0,
          -0.97788656,
          0.20761348,
          0.025190882,
          0,
          -1.1985524,
          1.1872642,
          0.041168157,
          1
        ]
      },
      {
        "date" : 730952674.438308,
        "title" : "Untitled",
        "transform" : [
          0.025752038,
          7.184492e-08,
          0.99966836,
          0,
          0.2075446,
          0.97821087,
          -0.005346541,
          0,
          -0.97788656,
          0.20761348,
          0.025190882,
          0,
          -0.72244406,
          1.0485475,
          0.20149668,
          1
        ]
      },
      {
        "date" : 730891288.966953,
        "title" : "Untitled",
        "transform" : [
          0.025752038,
          7.184492e-08,
          0.99966836,
          0,
          0.2075446,
          0.97821087,
          -0.005346541,
          0,
          -0.97788656,
          0.20761348,
          0.025190882,
          0,
          -2.0632157,
          1.320662,
          0.11987896,
          1
        ]
      },
      {
        "date" : 730891285.329088,
        "title" : "Untitled",
        "transform" : [
          0.025752038,
          7.184492e-08,
          0.99966836,
          0,
          0.2075446,
          0.97821087,
          -0.005346541,
          0,
          -0.97788656,
          0.20761348,
          0.025190882,
          0,
          -2.1288085,
          1.0310497,
          -0.03947559,
          1
        ]
      }
    ]
  },
  "selectedSceneRelativePath" : "Scene.usda"
}